双色球红色：
09,17,27,28,32,33,07,10,21,24,29,32,02,03,06,08,14,22,02,04,14,16,20,22,13,14,15,21,23,29,04,05,07,09,21,30,16,22,24,26,28,31,01,04,14,18,24,29,04,08,14,18,20,27,06,15,17,26,28,31,07,16,19,22,24,28,05,24,27,29,31,32,03,06,08,20,24,32,01,03,06,09,19,31,01,17,27,29,31,33,09,11,13,18,21,22,12,15,19,20,29,32,05,08,20,22,31,33,12,21,27,29,31,33,01,02,06,12,16,18,02,09,13,15,22,30,01,08,19,24,29,30,06,15,18,19,24,32,06,11,16,19,21,25,03,14,20,24,26,33,04,06,08,11,30,33,01,14,17,20,22,32,06,09,11,15,20,26,12,20,24,25,30,33,01,14,19,22,29,31,07,13,16,23,26,30,03,17,19,24,27,31,03,04,14,20,23,27,04,05,07,09,16,18,07,08,12,21,23,27,04,05,06,08,13,18,13,14,17,19,21,29,01,06,11,15,19,31,07,10,11,15,24,26,04,16,22,25,29,31,03,06,09,13,16,19,08,09,10,13,15,28,04,06,10,11,21,23,03,10,13,22,23,28,03,07,10,12,18,29,03,11,18,25,30,33,02,12,16,22,25,32,01,06,17,19,27,31,06,14,16,17,23,29,01,06,12,13,24,32,15,17,19,22,25,26,02,09,13,23,24,26,05,06,09,18,23,31,06,07,11,14,27,32,09,12,21,27,29,30,01,07,12,14,18,25,02,10,13,16,23,32,01,05,07,09,10,20,09,11,15,22,24,26,09,15,19,21,23,29,04,08,09,13,28,33,03,13,15,18,21,33,04,05,07,10,12,22,08,11,17,23,32,33,04,19,22,26,29,30,02,06,08,10,11,17,03,13,15,19,20,27,15,16,21,27,30,33,01,08,23,25,28,29,01,10,14,15,18,31,03,07,11,21,30,33,02,05,07,08,20,27,02,12,13,23,27,28,03,11,17,18,24,25,04,11,18,19,26,32,04,05,24,28,30,33,05,07,09,11,19,25,11,15,16,20,24,31,01,02,03,14,19,33,05,07,14,16,18,21,07,10,21,23,31,33,10,13,19,21,24,30,02,04,05,08,11,30,01,07,10,22,31,32,02,06,09,13,28,32,06,10,14,15,19,23,01,05,10,19,26,28,21,22,26,28,31,32,08,12,16,19,26,32,13,17,20,21,22,27,04,05,06,08,09,18,06,10,13,15,32,33,01,07,17,23,25,31,04,14,16,23,28,29,05,15,19,25,26,29,06,08,15,19,20,31,01,07,08,10,12,24,03,06,18,19,21,31,03,15,17,23,27,30,02,10,11,17,18,29

双色球蓝色：
08,11,04,11,13,04,06,04,03,03,02,10,07,16,12,15,14,03,04,08,15,04,09,01,10,11,04,10,12,16,01,12,01,06,12,16,01,10,11,08,16,09,02,15,10,14,06,14,07,13,04,16,11,08,05,10,08,16,03,15,04,16,16,10,11,13,14,04,10,13,07,04,12,06,04,09,05,04,03,01,14,07,02,15,12,15,12,07,03,01,11,15,11,03,15,05,01,01,11,16

计算每个数字出现的次数如下：
红色1出现的次数：19
红色2出现的次数：14
红色3出现的次数：17
红色4出现的次数：18
红色5出现的次数：16
红色6出现的次数：25
红色7出现的次数：20
红色8出现的次数：19
红色9出现的次数：19
红色10出现的次数：19
红色11出现的次数：19
红色12出现的次数：14
红色13出现的次数：20
红色14出现的次数：18
红色15出现的次数：22
红色16出现的次数：17
红色17出现的次数：16
红色18出现的次数：19
红色19出现的次数：26
红色20出现的次数：16
红色21出现的次数：20
红色22出现的次数：19
红色23出现的次数：19
红色24出现的次数：20
红色25出现的次数：12
红色26出现的次数：15
红色27出现的次数：17
红色28出现的次数：14
红色29出现的次数：20
红色30出现的次数：15
红色31出现的次数：21
红色32出现的次数：18
红色33出现的次数：17


计算每个数字出现的次数如下：
蓝色1出现的次数：8
蓝色2出现的次数：3
蓝色3出现的次数：7
蓝色4出现的次数：12
蓝色5出现的次数：3
蓝色6出现的次数：4
蓝色7出现的次数：5
蓝色8出现的次数：5
蓝色9出现的次数：3
蓝色10出现的次数：8
蓝色11出现的次数：9
蓝色12出现的次数：7
蓝色13出现的次数：4
蓝色14出现的次数：5
蓝色15出现的次数：8
蓝色16出现的次数：9
